02655093000118
02709163000173
02864261000185
03614882000173
03698870000840
04340334000165
05073228000125
05120289000104
05216804000146
05302896000268
06943661000137
07409820000180
07517001000238
09329586000107
14073049000260
14392293000104
14775742000101
17257993000184
17507791000143
18493294000104
21543856000345
22992638000199
29271339000104
37241071000277
40995420000170
41747346000135
42120394000676
43375930000566
47198538000116
47998441000198
49327943001437
53535958000143
59122234000154
61528030000160
62420534000710
71693527000197
75086785000166
83053660000168
89945133000144
92998350000107
96162276001036
00028986014753
00390052000111
00771979000606
01493960000101
02210803000104
02450751000135
02605229000185
04079996000123
04496356000119
05551222000116
05898253000490
07033354000181
07040941000106
07335769000100
07525932000105
08395472000100
09575998000127
10291570000131
10447904000113
10776980000172
10780552000113
11599956000178
12122225000108
12982965000610
12986154000183
13474619000260
14295917000175
15104113000104
15836348000190
17534708000125
23604773000182
24566534000490
27568657000297
30291266000100
30901465000184
32248649000112
37219901000189
42230757000111
43201151000110
43733386000153
50275851000115
50719061001072
55973366000139
55973366002182
58515495000333
59738088000277
60425857000185
61438206000192
61553301000137
66018441000129
76751072000132
78331899000112
82639634000153
82858705000109
93740801000174
94312931000179
00272662000200
00934702000142
01171836000111
01576749000144
01594992000195
01709643000171
03178524000165
03225149000167
04061332000137
04581264000218
04665157000600
04761925000297
04919212000128
05262518000117
05898253000229
07175725001050
07221613000440
07459044000123
07723099000107
08320017000219
08583993000183
08870769000172
09445614000151
09529688000176
10251329000189
11106145000198
11842472000299
13663401000173
14728446000141
15641339000144
15659920000193
16640671000157
17692901000860
17815824000112
18455453000178
19308851000124
19740772000198
22575574000120
23875387000125
24033214000122
30985200000101
33906812000150
34971870000120
37108719000150
39828926000377
41071907000129
42292292000395
44339679000113
45980134000154
49836457000120
52786803000117
53775862000152
55981351000112
57026585000136
61074829000638
61103669000101
61328191000100
64955255000190
74404229000209
76498179000110
78404860000188
82364431000282
83748772000133
89422042000124
00598913000151
00634562000197
00805870000138
01009681002408
01891303000104
01953184000177
01998069000119
02236908000124
02276695000164
02394276000208
02674103000162
02709163000335
02744832000148
03288700000111
03310685000241
03317342000128
03523188000140
04143008002020
04143008004074
04239929000129
04581264000560
04626152000155
04626426000378
04864827000102
05060598000128
05078330000113
05231625000188
05231625000269
05289272000258
05528783000102
05757517000143
06001076000460
06089521000143
06332991000196
07033354000424
07033354000696
07221613000360
07426908000100
07526557010334
07635245000134
07655411000164
07689002001070
07782473000137
07872326000158
08414568000160
08832031001354
09328663000104
09527978000180
10468322000113
10503610000161
10528952000136
10685803000180
11208328000114
11234477000158
11320609000164
11402962000193
11949010000194
12047030000132
13534309000103
13869924000170
13922860000124
14335542000120
14401034000100
14815411000140
14855630000233
15183044000171
15502632000473
15726754000362
16513857000145
17927884000127
18835896000194
18958639000140
19090122000144
22102786000190
23221291000143
24736263000121
26397358000193
27381659000191
27943748000184
29143063000189
30247682000100
31415994000130
31691890000230
33068780000160
33389328000443
35565351000124
37748520000197
38226420000163
40355238000154
41663408000120
43061654000480
43326333000118
43375930000132
44462455000102
46819061000186
48138812000124
48319843000181
48985899000175
52556578000122
52850682001016
53234274000454
56167091000109
56209307000151
57010662000160
57069650000100
62934690000294
76635689001830
89673164000193
90285958000169
90586413000192
93193233000139
02012862006109

